{
  "camera_angle_x": 0.6911112070083618,
  "frames": [
    {
      "file_path": "./images/frame_00001.png",
      "rotation": 0.012566370614359171,
      "transform_matrix": [
        [1.0, 0.0, 0.0, 0.0],
        [0.0, 1.0, 0.0, 0.0],
        [0.0, 0.0, 1.0, 0.0],
        [0.0, 0.0, 0.0, 1.0]
      ]
    },
    {
      "file_path": "./images/frame_00002.png",
      "rotation": 0.025132741228718345,
      "transform_matrix": [
        [0.9998476951563913, -0.01745240643728351, 0.0, 0.1],
        [0.01745240643728351, 0.9998476951563913, 0.0, 0.0],
        [0.0, 0.0, 1.0, 0.0],
        [0.0, 0.0, 0.0, 1.0]
      ]
    },
    {
      "file_path": "./images/frame_00003.png",
      "rotation": 0.03769911184307752,
      "transform_matrix": [
        [0.9993908270190958, -0.03489949670250097, 0.0, 0.2],
        [0.03489949670250097, 0.9993908270190958, 0.0, 0.0],
        [0.0, 0.0, 1.0, 0.0],
        [0.0, 0.0, 0.0, 1.0]
      ]
    }
  ]
}
